24
-9.999999 9.999999 -9.999999 
0.000000 0.000000 -1.000000 
0.000000 0.000000 
9.999999 9.999999 -9.999999 
0.000000 0.000000 -1.000000 
1.000000 0.000000 
9.999999 -9.999999 -9.999999 
0.000000 0.000000 -1.000000 
1.000000 1.000000 
-9.999999 -9.999999 -9.999999 
0.000000 0.000000 -1.000000 
0.000000 1.000000 
9.999999 9.999999 -9.999999 
1.000000 0.000000 0.000000 
0.000000 0.000000 
9.999999 9.999999 9.999999 
1.000000 0.000000 0.000000 
1.000000 0.000000 
9.999999 -9.999999 9.999999 
1.000000 0.000000 0.000000 
1.000000 1.000000 
9.999999 -9.999999 -9.999999 
1.000000 0.000000 0.000000 
0.000000 1.000000 
9.999999 9.999999 9.999999 
0.000000 0.000000 1.000000 
0.000000 0.000000 
-9.999999 9.999999 9.999999 
0.000000 0.000000 1.000000 
1.000000 0.000000 
-9.999999 -9.999999 9.999999 
0.000000 0.000000 1.000000 
1.000000 1.000000 
9.999999 -9.999999 9.999999 
0.000000 0.000000 1.000000 
0.000000 1.000000 
-9.999999 9.999999 9.999999 
-1.000000 0.000000 0.000000 
0.000000 0.000000 
-9.999999 9.999999 -9.999999 
-1.000000 0.000000 0.000000 
1.000000 0.000000 
-9.999999 -9.999999 -9.999999 
-1.000000 0.000000 0.000000 
1.000000 1.000000 
-9.999999 -9.999999 9.999999 
-1.000000 0.000000 0.000000 
0.000000 1.000000 
9.999999 9.999999 -9.999999 
0.000000 1.000000 0.000000 
1.000000 1.000000 
-9.999999 9.999999 -9.999999 
0.000000 1.000000 0.000000 
0.000000 1.000000 
-9.999999 -9.999999 -9.999999 
0.000000 -1.000000 0.000000 
0.000000 0.000000 
9.999999 -9.999999 -9.999999 
0.000000 -1.000000 0.000000 
1.000000 0.000000 
-9.999999 9.999999 9.999999 
0.000000 1.000000 0.000000 
0.000000 0.000000 
9.999999 9.999999 9.999999 
0.000000 1.000000 0.000000 
1.000000 0.000000 
9.999999 -9.999999 9.999999 
0.000000 -1.000000 0.000000 
1.000000 1.000000 
-9.999999 -9.999999 9.999999 
0.000000 -1.000000 0.000000 
0.000000 1.000000 
36
0
1
2
0
2
3
4
5
6
4
6
7
8
9
10
8
10
11
12
13
14
12
14
15
20
21
16
20
16
17
18
19
22
18
22
23
2
1.000000 
0.800000 0.800000 0.800000 
0.210000 0.210000 0.210000 
24.000000 
0.000000 0.000000 0.000000 
0.170000 0.170000 0.170000 
spaceship.jpg 
1.000000 
1.000000 1.000000 1.000000 
0.000000 0.000000 0.000000 
0.000000 
0.000000 0.000000 0.000000 
0.000000 0.000000 0.000000 
none 
1
0 
36 
0 
12 
0 
24 
